,Alabama,Alaska,Arizona,Arkansas,California,Colorado,Connecticut,Delaware,District of Columbia,Florida,Georgia,Hawaii,Idaho,Illinois,Indiana,Iowa,Kansas,Kentucky,Louisiana,Maine,Maryland,Massachusetts,Michigan,Minnesota,Mississippi,Missouri,Montana,Nebraska,Nevada,New Hampshire,New Jersey,New Mexico,New York,North Carolina,North Dakota,Ohio,Oklahoma,Oregon,Pennsylvania,Rhode Island,South Carolina,South Dakota,Tennessee,Texas,Utah,Vermont,Virginia,Washington,West Virginia,Wisconsin,Wyoming
Alabama,0.0,14.342991522568795,9.551358131492016,16.037710385081613,10.216044225244296,16.991345277398096,18.87084574820819,15.119405622739968,20.09273450077156,15.098983229551994,12.29320248256136,17.26900214409471,11.691285156269323,15.06592800174456,18.478694137433706,13.156740283436848,13.833965393972768,11.159189272583482,16.779520723605284,12.337156204547705,16.518881241753686,20.89705470992046,14.95156790711034,13.312783431811527,12.40966328061773,13.784953240028123,12.300902589295948,16.49748559947729,10.618146790311965,12.01709539032995,23.150451512556963,11.392921261165062,25.124914342420407,10.85245011340967,15.167949356259218,18.53672015201556,11.372341827259321,10.598074588826478,14.35263159552023,16.185308582190473,10.483393800017891,14.9052120439965,10.596508122628471,12.34290214642152,10.986531262412282,14.105211678412696,13.962022885035829,13.736389864119769,9.505189360286241,12.298734881968288,14.260925184044405
Alaska,14.342991522568795,0.0,16.24265922572885,19.26607436158797,16.61409315556759,16.082865746518923,20.184526228227227,16.371540714738213,22.296418277711027,18.96331403408895,16.867383065037274,14.475316079312051,14.322440101093619,18.089413271700703,16.591322410842317,13.111095736254896,12.354400920439963,15.734340546809637,19.074521490156027,12.086268011503059,20.160793131310474,22.603563763734552,15.901092234834259,15.636803129237196,15.644825340625664,10.046886331117712,11.904353186216758,14.360794479335285,15.973685056475073,16.068087488236124,23.202196525254234,16.779144935147453,24.916442677512638,15.96739626401987,13.08881928862544,17.438595293847175,15.345560598475286,13.682214888291066,18.590569624093906,16.303246718122608,13.728290671878236,13.226772403188669,16.400448102780175,18.186430054277576,14.324719867605651,15.516317465458968,17.717123191870968,15.594855501391832,15.2161442553088,14.04139085463429,13.333406027992787
Arizona,9.551358131492016,16.24265922572885,0.0,15.545211381658342,9.882235909724375,14.046316708535077,16.598274285545433,14.09856050738877,17.59003544706681,11.716589601571261,12.23171762714481,18.824240245232723,10.985448284267314,12.946321817497786,20.428134543364475,13.692164788610146,14.531085620753986,11.120247516242252,14.780347215120196,14.097728115855604,14.048756662424918,18.037764504603633,14.803921132258687,11.302760370264929,10.040977313770604,15.257180474925285,14.60352127839771,16.04790956039013,8.504526314216076,11.589226639423131,20.624741814464475,10.85440992366044,23.918864437816072,10.184775661953088,15.015928397343332,21.507843944389144,11.004923619353558,10.666443690175829,14.048221434192886,15.29580410405772,11.017935448436088,13.57843014222009,10.385611717219835,9.740185730278652,10.330232630875951,13.441174795880428,14.397591524986424,14.020798630500567,9.236088971463085,12.133956237467073,15.758512660111457
Arkansas,16.037710385081613,19.26607436158797,15.545211381658342,0.0,15.084336808948676,18.097196709740253,22.86137592735726,19.805282224920965,22.186854266447583,15.594804092810163,16.14308415787482,20.17147613249626,14.87296976372843,16.491040132398837,22.266711662951565,18.096384917982302,18.320840278039547,14.968608809425913,19.447250744161924,18.282099152335103,19.524441324099516,22.73076890461782,19.18929863106043,15.232963422433416,15.417539032018784,18.577191596247847,17.04355519586636,18.308809596320277,13.852261825347954,17.129720038587593,24.637711878019896,14.329750999526837,26.188272555231187,14.787625985140922,15.38171072274881,22.473100930142206,14.697197151816264,16.078573162515465,18.25218139668818,19.827737803911152,16.49050229116505,16.1454562940074,13.830698410509513,14.777295121155106,14.76102252827676,19.053194041076832,18.334552736759136,19.17417098981236,13.896443638494048,15.258664120107367,20.25411887884019
California,10.216044225244296,16.61409315556759,9.882235909724375,15.084336808948676,0.0,15.864636150009671,19.441591501834708,15.467484603323502,19.423299828442325,12.01156038684177,12.270832079740844,19.38621777583486,12.399017055267983,13.212156956864337,17.046109439990577,12.49547959181545,15.352697604063806,9.24018923358566,16.7577285916884,13.260490643664555,15.714061685277613,19.72301636816961,16.268044943672297,13.250300597458084,12.947206069014067,17.21034121094045,13.805333581786648,16.294465953175553,9.650077666690194,13.384621324388048,22.030851756580358,8.071315469256643,24.074744496444243,10.201319744460218,17.147116675538662,18.834436586081974,9.449391946891547,11.176742707449142,14.146205240728746,14.633446330297994,11.144524349160367,15.223507121081488,9.335051589795084,9.806546425372709,10.514928984851002,14.739962969847156,11.42443787200256,15.354374053593325,9.299249770953196,13.065513152664035,17.956886775423538
Colorado,16.991345277398096,16.082865746518923,14.046316708535077,18.097196709740253,15.864636150009671,0.0,13.858885878791229,17.22942893864988,16.106154825221022,18.630645750207798,18.060371081367396,20.98931189945274,14.397454451542327,12.088672394549619,21.88146211774154,13.606899040528436,16.29059940156279,13.62844383137543,16.501365199250603,15.801185378013392,12.956633361695502,15.238514122159662,13.094483223135134,10.980230531482013,14.97151817441353,16.492888177055715,15.26076073604664,15.693012965128968,14.062300057676318,11.383922613628428,16.334069955925667,13.01334527887466,17.848339914277624,14.203336777389962,13.422905774402459,24.61083631165625,14.884428224600912,12.94533651658888,12.440017346271869,15.778762902279738,17.243500979338428,12.95418491951607,14.733394299180004,17.30061012809355,14.062475030279774,12.194148987141729,21.366902209778225,14.278304269028581,12.264412735172245,12.809649004940072,16.535658737646603
Connecticut,18.87084574820819,20.184526228227227,16.598274285545433,22.86137592735726,19.441591501834708,13.858885878791229,0.0,15.36114057890408,10.212060970571894,20.552640131299096,17.871082925440973,23.549626003533405,18.729804098279306,11.681838667483802,20.52888818812729,19.22833070739737,20.67886127300603,14.627337786689047,13.092396939896815,17.773235992236984,11.129605267085246,9.852293788095864,12.439876113946465,14.84928565256468,17.396436445717725,18.67005378750342,21.379873038648242,18.541724800982866,18.225511309882727,11.68819143554163,9.574922014418116,17.099983946399682,12.205057488702845,17.727856689197264,18.62406776824119,22.426786865148753,16.068175264070895,17.16399712578343,9.74272584440008,14.108549713645793,18.125266208768107,18.72010861199107,19.844868586487284,21.949976821804473,17.076037098094897,11.9658232134124,18.70697188927397,17.08881791511629,17.944343548236372,17.67740967970518,19.56853709843821
Delaware,15.119405622739968,16.371540714738213,14.09856050738877,19.805282224920965,15.467484603323502,17.22942893864988,15.36114057890408,0.0,15.104016875002547,16.886068980526794,15.212966511793127,16.35247801925727,16.024958760673332,15.315248083662286,16.61656744525419,15.182521629612793,16.966938465174877,14.390439577242798,14.837542095964602,13.557864627542223,14.504298989085228,15.601524245670985,14.883058409915598,15.92342215806796,14.714666604261106,15.692082836642104,17.518406717501264,16.6093638964804,14.34549781424156,13.33143004024432,16.425069663367836,15.542416723447381,18.004990535987513,14.26932811366953,18.053431570469392,16.972140066374862,13.937946510354543,14.41135278498397,15.045893250473533,13.391912796818179,12.979128966354052,18.036793326846873,16.264714344033248,16.43285228081876,14.230119255597627,15.047471955431373,13.726149253559356,16.327815530719437,15.19147775409747,16.132135094003687,16.74789451674541
District of Columbia,20.09273450077156,22.296418277711027,17.59003544706681,22.186854266447583,19.423299828442325,16.106154825221022,10.212060970571894,15.104016875002547,0.0,18.382631101079774,17.985371955041472,23.108973355066098,20.162223877357157,11.715795336852224,20.188471226046282,20.563858688730317,22.508383447899796,14.415556325140432,11.882041580710528,18.594535254384812,9.43706553699676,8.566937494419816,13.661149691175419,16.14604487978739,16.646810264581475,20.50820111764708,22.706113278952095,18.965710791469263,18.350701720333184,12.940747068462617,8.315360421628451,17.287035087229636,10.57954141686903,18.06969057360271,20.12782948893045,22.635132118992026,16.0525984865363,18.78012147085541,11.76341368892695,13.578528101596882,17.736969670623736,21.252876907211036,20.699898602527846,21.53990358951845,18.018226199932627,13.859879838636992,17.84455367304623,17.354131713979285,19.0815834639993,19.75499548418194,21.83413690360516
Florida,15.098983229551994,18.96331403408895,11.716589601571261,15.594804092810163,12.01156038684177,18.630645750207798,20.552640131299096,16.886068980526794,18.382631101079774,0.0,12.835925782095952,19.510483579859883,13.729651568637658,16.756726268942973,22.4630551307093,18.32659331415247,18.565835497246184,12.602140860660512,14.19382897713296,19.202036647453628,15.830401755989545,18.785017746986178,18.098388911662905,16.308947157463365,11.220799536790569,18.81331574913277,16.87310867769003,19.294313854944903,10.627317098457803,15.743126598176842,21.89871600307729,13.921225907793715,24.26989020823211,12.402913970283496,17.246173000234805,22.74327496779308,13.025114132500859,14.755590469382906,17.967080103766648,18.074327818044182,12.220712383759182,17.840602213637464,12.070203070528292,9.430700522307424,13.424529455083642,17.998811042478774,15.603664648169751,17.26374702293943,13.28186871398874,16.632341265853405,20.50050629895034
Georgia,12.29320248256136,16.867383065037274,12.23171762714481,16.14308415787482,12.270832079740844,18.060371081367396,17.871082925440973,15.212966511793127,17.985371955041472,12.835925782095952,0.0,18.506263246894562,13.17496754556449,15.525344844174853,20.864205308821614,16.919213263549263,15.840135758289145,12.636614236578456,15.121964782731398,14.588437451129797,15.676358142341074,18.07231223639142,15.159133457910746,15.11117411837744,12.68332285002981,16.431507891502292,14.93987713706906,17.599325095744568,11.810860313974672,14.36801353767547,19.608615779991798,13.562969242252416,21.888798208130332,12.167193063999026,16.36928494509314,21.47136239610324,11.077990015875997,13.929774049746015,15.758171961561882,16.68137534433248,12.837045329044114,16.383669612181123,12.116067846642498,12.395328255070375,12.693212379138178,15.579391159230017,14.577530462371474,15.612448738392072,11.679999729861176,14.841120073724706,16.943272390702866
Hawaii,17.26900214409471,14.475316079312051,18.824240245232723,20.17147613249626,19.38621777583486,20.98931189945274,23.549626003533405,16.35247801925727,23.108973355066098,19.510483579859883,18.506263246894562,0.0,17.71555926327466,20.433227683047317,8.796916253401076,14.15950259173104,17.463540142094544,18.04412927993322,20.443442878721463,16.855611319625318,22.24006028953709,24.04074967900683,19.995962971604786,19.190522713749512,18.467853927226393,16.490761648788727,14.621134324755719,15.208996818691828,18.17038583750609,19.649048929338523,25.616584760048866,18.546361792055617,26.595928422322412,18.591648704609167,17.92634785687073,12.620180151229219,18.873924548144622,17.69999551368737,20.394427717301394,16.37247385339811,15.512468719033796,18.80477774363871,17.674821117205607,19.545560919106254,17.578319269176962,20.857722365084484,22.29368533948147,18.2060088955421,18.31887636370852,17.015286956597276,19.044752310308787
Idaho,11.691285156269323,14.322440101093619,10.985448284267314,14.87296976372843,12.399017055267983,14.397454451542327,18.729804098279306,16.024958760673332,20.162223877357157,13.729651568637658,13.17496754556449,17.71555926327466,0.0,13.431958092680595,20.13310034955318,12.234630912379265,12.899753951146682,11.841647303238842,16.030385841528606,13.337041477650468,16.39332738134145,20.22999859329232,12.89951353891118,11.380998951924443,11.445788953012162,13.670904689030769,11.655832446856811,13.19759887122004,10.286201672541836,13.212963877701783,22.033317310121095,10.7220033506471,24.340586723876434,11.096789367467425,10.754029034089085,21.103990814528547,11.410694737607203,10.52550149123358,15.096747628265122,16.592258839709473,12.045783486239639,10.562013102692756,10.121092966675103,11.975258300200352,9.574749807615936,13.293280603582941,18.26214661645666,14.395096323956182,9.434305500821193,9.988870051706519,13.769323894307963
Illinois,15.06592800174456,18.089413271700703,12.946321817497786,16.491040132398837,13.212156956864337,12.088672394549619,11.681838667483802,15.315248083662286,11.715795336852224,16.756726268942973,15.525344844174853,20.433227683047317,13.431958092680595,0.0,20.009177436647605,15.106600948395021,17.474324567437964,11.609426769858489,13.59047885664548,14.990850313571235,7.496021212036847,9.797576038509892,11.309099544968324,9.267658919060754,14.16867374269548,17.75811873170245,16.180804855783723,15.08591106664409,12.384990578396,10.060705621816634,11.801284879870968,9.3712388166386,16.091219753694403,12.507079475560706,13.236138693296768,22.337940673744473,12.075843980527848,13.062969264349682,10.18193692454797,12.666654744702905,15.407733912370352,13.88879790431974,13.029296414053928,16.124851244448294,11.923843649901645,11.974213168156583,17.856063622164406,15.874560952120682,11.687491377039041,11.917679075951575,18.05731959226916
Indiana,18.478694137433706,16.591322410842317,20.428134543364475,22.266711662951565,17.046109439990577,21.88146211774154,20.52888818812729,16.61656744525419,20.188471226046282,22.4630551307093,20.864205308821614,8.796916253401076,20.13310034955318,20.009177436647605,0.0,14.803103596570933,19.582687128755794,19.98352874042517,20.661166891608552,16.682256947239782,19.25552824908638,20.741787666999176,19.646179031004817,20.173220064039768,20.587422069680265,18.687787350358736,16.90298807366836,15.742941711653046,19.772155374941423,19.83941834993733,20.95831088795937,19.11955966002482,21.565017465096453,19.94104664530762,20.799386487380193,10.287096276648978,19.829132153602885,19.369140814978405,19.382300864047217,14.012921272259746,17.176452770223197,20.706560637183397,18.86065003485567,21.6121462455433,18.894967785179084,20.992950379371912,16.87181280683514,20.574275057798282,19.800552568592167,18.51308948130254,20.982035720516038
Iowa,13.156740283436848,13.111095736254896,13.692164788610146,18.096384917982302,12.49547959181545,13.606899040528436,19.22833070739737,15.182521629612793,20.563858688730317,18.32659331415247,16.919213263549263,14.15950259173104,12.234630912379265,15.106600948395021,14.803103596570933,0.0,12.900588148303116,13.687997919975425,18.900393805775618,12.872894796020484,17.116815995830898,20.818929227370052,14.806515652773312,12.569585322160199,15.029339619733603,13.909434397907654,10.882836052685482,11.87064226278065,13.147515763772075,14.22052879965957,22.398965939819355,12.977482967859507,24.67271797589479,13.347437902200591,12.742504478704944,15.789380132415594,13.824802400574855,11.620259725348898,16.15180810121338,13.929583218783419,13.486845988983234,12.052630631992951,11.657603983395672,15.849086460753647,12.42970848462088,15.150850317607398,17.218402205025,14.922030242386013,12.878996224813253,11.223984664937026,14.090574517747408
Kansas,13.833965393972768,12.354400920439963,14.531085620753986,18.320840278039547,15.352697604063806,16.29059940156279,20.67886127300603,16.966938465174877,22.508383447899796,18.565835497246184,15.840135758289145,17.463540142094544,12.899753951146682,17.474324567437964,19.582687128755794,12.900588148303116,0.0,15.095162097566964,19.987283402349806,13.915877092205443,20.220540306180318,22.831460309515034,14.732329279286711,14.69678344089462,14.984900597488968,11.072781756325234,13.234560462361685,14.710773574638255,14.27817026005021,15.233758077427247,24.619143445822406,15.34777639345636,26.197436227142557,14.212007459206829,12.432308933189129,19.745508775669453,14.232316118066317,12.390567074113566,18.423408439092512,17.90866055078373,14.509015629868706,12.600374560573968,14.574564511434204,17.473303847950046,13.121877260751695,15.58245117209419,16.998733182863603,15.986901188268979,13.740156390994992,13.537742127532773,8.817211065763674
Kentucky,11.159189272583482,15.734340546809637,11.120247516242252,14.968608809425913,9.24018923358566,13.62844383137543,14.627337786689047,14.390439577242798,14.415556325140432,12.602140860660512,12.636614236578456,18.04412927993322,11.841647303238842,11.609426769858489,19.98352874042517,13.687997919975425,15.095162097566964,0.0,14.490361532618417,12.680974593648932,11.41149402842896,15.252624034511244,13.157874918907883,11.540917063975291,11.63573341756386,14.968875649497802,13.573560708307049,15.64000706123414,9.768098554877712,11.385970796989865,18.837176499813868,8.91597421142101,21.612024430386818,8.907039395507933,14.514420880410796,20.800465828294378,8.325484488415068,10.863408793149931,12.878318849266208,14.348796919329686,11.912023636799667,12.731559638269513,9.42547998929095,11.334904229274695,10.762638019412712,13.050479494048064,12.895640247170528,14.365237919070513,9.111440441236619,10.987308079928335,16.465191164162107
Louisiana,16.779520723605284,19.074521490156027,14.780347215120196,19.447250744161924,16.7577285916884,16.501365199250603,13.092396939896815,14.837542095964602,11.882041580710528,14.19382897713296,15.121964782731398,20.443442878721463,16.030385841528606,13.59047885664548,20.661166891608552,18.900393805775618,19.987283402349806,14.490361532618417,0.0,17.56446418991468,11.984496415105083,12.398467524541312,14.21896316574093,15.114528764051924,13.112121026855986,19.148598617550306,19.39186345479148,18.281374774297735,14.607309870702405,13.372897141686002,13.604355842800777,15.579435922473676,15.731200422578084,15.286011663704638,18.761254652504302,20.896631273045163,14.210922709190594,15.735580852261899,13.829438834947082,15.352699987767783,14.341663056935559,18.726884790066244,16.95279018918301,16.905971574216654,15.645468222973097,14.10734191965001,17.402481953235448,16.101718612523673,16.042726756730165,17.273358971915545,19.758108666200854
Maine,12.337156204547705,12.086268011503059,14.097728115855604,18.282099152335103,13.260490643664555,15.801185378013392,17.773235992236984,13.557864627542223,18.594535254384812,19.202036647453628,14.588437451129797,16.855611319625318,13.337041477650468,14.990850313571235,16.682256947239782,12.872894796020484,13.915877092205443,12.680974593648932,17.56446418991468,0.0,16.189682724750103,19.23326913521531,14.029626123610397,14.054389423118213,14.978786191912727,12.809799863248951,12.736924912785772,15.54458337404509,14.452412730468016,13.103912188386582,20.461249027333572,13.51711644920746,22.15081224414074,13.902422056539807,16.08466515578245,18.22324218094066,12.247083879362195,12.080069623405743,15.912737246079418,15.583754353463108,12.883498846247848,13.620618034800072,13.269122754445704,16.817144548579922,13.241198179719452,13.949498816729996,15.096244821330405,14.815482812831277,12.530461318017617,13.604692292065836,13.247129715310596
Maryland,16.518881241753686,20.160793131310474,14.048756662424918,19.524441324099516,15.714061685277613,12.956633361695502,11.129605267085246,14.504298989085228,9.43706553699676,15.830401755989545,15.676358142341074,22.24006028953709,16.39332738134145,7.496021212036847,19.25552824908638,17.116815995830898,20.220540306180318,11.41149402842896,11.984496415105083,16.189682724750103,0.0,7.972516569765412,10.795017318608194,11.083615989891662,13.774401041041418,18.648670676345322,19.389459244746785,16.719957468471904,14.466697938583705,11.016495840484177,9.327348392781701,11.804152400344398,10.889480333745848,14.806948418054526,16.769371647679737,21.10168230413486,13.021689174314437,15.60662740548155,10.748682384815677,12.064846544464249,15.00662339353441,16.941876483500753,17.031644630033536,18.465009160026757,14.158582797382747,13.302896043321681,16.92634033034763,17.12334911399886,15.10049151601524,15.086550868888935,19.76768098264654
Massachusetts,20.89705470992046,22.603563763734552,18.037764504603633,22.73076890461782,19.72301636816961,15.238514122159662,9.852293788095864,15.601524245670985,8.566937494419816,18.785017746986178,18.07231223639142,24.04074967900683,20.22999859329232,9.797576038509892,20.741787666999176,20.818929227370052,22.831460309515034,15.252624034511244,12.398467524541312,19.23326913521531,7.972516569765412,0.0,12.977547399691243,15.691003910166254,17.273464276628456,21.23879348222575,23.15634785837723,19.713348993193165,18.967175461405162,13.132739300877123,7.471087431958855,16.58440755233096,8.8460866579749,18.93546328103193,20.477244231700784,23.081088362380648,16.878137694459483,18.85323295163625,11.596312510025223,13.274597790939415,18.591417144308693,21.327100239733795,20.886752172889494,22.506171759527316,18.29439856497543,14.330030576374877,18.647050547401175,17.512703951898036,19.49309471509745,19.49321922326509,22.56929232317713
Michigan,14.95156790711034,15.901092234834259,14.803921132258687,19.18929863106043,16.268044943672297,13.094483223135134,12.439876113946465,14.883058409915598,13.661149691175419,18.098388911662905,15.159133457910746,19.995962971604786,12.89951353891118,11.309099544968324,19.646179031004817,14.806515652773312,14.732329279286711,13.157874918907883,14.21896316574093,14.029626123610397,10.795017318608194,12.977547399691243,0.0,11.299401957961031,14.533754397291192,14.318913931328645,15.471726393179516,14.377234768419306,14.469688842933019,12.36472231936979,13.924609444747405,13.256098552091931,15.698479115652827,13.767131002947208,14.042674273422655,20.962658991467674,13.007538661768638,12.103102199270479,13.822221385588827,14.572698014931076,15.073538959649001,13.792976738644862,15.404358079291674,18.336301986571964,13.547750399894527,11.868255834360545,18.925062326738797,15.410501969477341,13.245930879676795,13.219329932425168,12.994484623606748
Minnesota,13.312783431811527,15.636803129237196,11.302760370264929,15.232963422433416,13.250300597458084,10.980230531482013,14.84928565256468,15.92342215806796,16.14604487978739,16.308947157463365,15.11117411837744,19.190522713749512,11.380998951924443,9.267658919060754,20.173220064039768,12.569585322160199,14.69678344089462,11.540917063975291,15.114528764051924,14.054389423118213,11.083615989891662,15.691003910166254,11.299401957961031,0.0,12.437929709162718,15.507824069152681,13.748557384533092,13.774348895549972,10.262476053774144,10.211451172123311,17.88686869335263,8.494146028314654,21.267200667286563,10.373192363216504,10.800348912662164,23.28868504582993,12.067117245694313,11.125640158651759,11.580138528263937,14.55270796082157,14.110867336871248,9.780558058669403,10.71401021204936,14.070528656380375,10.891862829013297,11.933683974485412,20.120354916240096,14.49152449532222,8.232845758100423,8.973320488587312,15.318637310854804
Mississippi,12.40966328061773,15.644825340625664,10.040977313770604,15.417539032018784,12.947206069014067,14.97151817441353,17.396436445717725,14.714666604261106,16.646810264581475,11.220799536790569,12.68332285002981,18.467853927226393,11.445788953012162,14.16867374269548,20.587422069680265,15.029339619733603,14.984900597488968,11.63573341756386,13.112121026855986,14.978786191912727,13.774401041041418,17.273464276628456,14.533754397291192,12.437929709162718,0.0,14.929818565829187,14.131691029554897,15.728654394385211,10.34208057021421,12.442712804622156,19.876279125965898,12.545499718587369,22.77748233860996,11.164055914290856,14.059508776056015,21.707144306672095,12.233034759026891,11.95053090273405,15.595711283178375,15.543993326385788,11.1885047904039,13.847905787164589,11.341555257451956,12.141809236049008,11.338759913818288,14.774577747775293,14.57374462776958,14.212066408473364,11.39673089680895,12.908201147296294,16.266517776964104
Missouri,13.784953240028123,10.046886331117712,15.257180474925285,18.577191596247847,17.21034121094045,16.492888177055715,18.67005378750342,15.692082836642104,20.50820111764708,18.81331574913277,16.431507891502292,16.490761648788727,13.670904689030769,17.75811873170245,18.687787350358736,13.909434397907654,11.072781756325234,14.968875649497802,19.148598617550306,12.809799863248951,18.648670676345322,21.23879348222575,14.318913931328645,15.507824069152681,14.929818565829187,0.0,12.388460510040378,14.749456774078455,16.034227761560253,15.865385631524735,22.417218672958597,16.309418148334206,24.299011828886197,15.001314643653895,14.074743984468531,18.81398895682867,15.106022569327278,12.925305128966562,18.754380097047065,16.992347867625533,14.782094299474917,12.843873011724838,15.704658444211313,18.342295921097882,13.46891504881807,15.224891745712304,17.08068691876072,16.393060234577927,14.619143906235516,13.735620057631456,9.686771682452571
Montana,12.300902589295948,11.904353186216758,14.60352127839771,17.04355519586636,13.805333581786648,15.26076073604664,21.379873038648242,17.518406717501264,22.706113278952095,16.87310867769003,14.93987713706906,14.621134324755719,11.655832446856811,16.180804855783723,16.90298807366836,10.882836052685482,13.234560462361685,13.573560708307049,19.39186345479148,12.736924912785772,19.389459244746785,23.15634785837723,15.471726393179516,13.748557384533092,14.131691029554897,12.388460510040378,0.0,13.299842514673605,12.37817029048135,15.738442225575918,24.713009157239956,12.958273638886237,26.35943810454869,13.42624269174167,11.268862742078749,17.51323158945544,12.889001373896322,11.807056190013991,17.25939282440682,16.43587622079607,14.143880842857318,11.777092123186062,11.931515133987949,15.1802982383778,11.774191682902908,15.348457013175773,15.999698339147526,15.987639648701249,11.650763290761246,10.85252092388725,13.422644453214113
Nebraska,16.49748559947729,14.360794479335285,16.04790956039013,18.308809596320277,16.294465953175553,15.693012965128968,18.541724800982866,16.6093638964804,18.965710791469263,19.294313854944903,17.599325095744568,15.208996818691828,13.19759887122004,15.08591106664409,15.742941711653046,11.87064226278065,14.710773574638255,15.64000706123414,18.281374774297735,15.54458337404509,16.719957468471904,19.713348993193165,14.377234768419306,13.774348895549972,15.728654394385211,14.749456774078455,13.299842514673605,0.0,14.950290362784617,14.872343861002673,20.87936772299521,14.429529751964672,23.365691212705006,16.129621915486204,13.69733053853957,24.28277312976935,15.688336755227153,14.030543864960212,17.340399028567443,18.724484309405202,14.49597140816865,13.349519317359714,14.612426342027538,17.155423822603737,13.413873310306561,15.78622739632176,19.728657216934927,16.929365254790305,13.825916830018544,12.271432750366621,15.442905598891594
Nevada,10.618146790311965,15.973685056475073,8.504526314216076,13.852261825347954,9.650077666690194,14.062300057676318,18.225511309882727,14.34549781424156,18.350701720333184,10.627317098457803,11.810860313974672,18.17038583750609,10.286201672541836,12.384990578396,19.772155374941423,13.147515763772075,14.27817026005021,9.768098554877712,14.607309870702405,14.452412730468016,14.466697938583705,18.967175461405162,14.469688842933019,10.262476053774144,10.34208057021421,16.034227761560253,12.37817029048135,14.950290362784617,0.0,12.288037950290779,21.51602747510553,9.189251111939956,23.76166483938911,9.144785148132247,12.353382808895182,20.864243728521313,9.455029175720938,11.036014595387377,13.947457620051692,15.731358014219333,10.540646225992232,12.051376006369841,8.869070162599865,8.72712029933307,9.833078632580403,13.749226991392016,13.910610107485725,14.221063321772421,8.56637689971986,10.723982131388752,16.05040157453748
New Hampshire,12.01709539032995,16.068087488236124,11.589226639423131,17.129720038587593,13.384621324388048,11.383922613628428,11.68819143554163,13.33143004024432,12.940747068462617,15.743126598176842,14.36801353767547,19.649048929338523,13.212963877701783,10.060705621816634,19.83941834993733,14.22052879965957,15.233758077427247,11.385970796989865,13.372897141686002,13.103912188386582,11.016495840484177,13.132739300877123,12.36472231936979,10.211451172123311,12.442712804622156,15.865385631524735,15.738442225575918,14.872343861002673,12.288037950290779,0.0,14.22806154551015,11.621718978182075,16.955356752249244,11.77494949821666,14.054082907908684,21.482955081263533,12.297911947966353,12.031326905326225,11.068483037847598,13.075923832102033,12.904211970408076,13.313412713101087,12.812338105322764,15.317749332748306,11.60498553890782,10.448657286905414,16.076712967140576,14.4222057987335,12.095848393965143,12.06433184817535,16.135931405013938
New Jersey,23.150451512556963,23.202196525254234,20.624741814464475,24.637711878019896,22.030851756580358,16.334069955925667,9.574922014418116,16.425069663367836,8.315360421628451,21.89871600307729,19.608615779991798,25.616584760048866,22.033317310121095,11.801284879870968,20.95831088795937,22.398965939819355,24.619143445822406,18.837176499813868,13.604355842800777,20.461249027333572,9.327348392781701,7.471087431958855,13.924609444747405,17.88686869335263,19.876279125965898,22.417218672958597,24.713009157239956,20.87936772299521,21.51602747510553,14.22806154551015,0.0,19.132649697018753,8.409742444810014,21.203503532975663,22.74321605806888,23.63565179493575,18.531201773405392,20.201991786853455,11.969355743474246,13.983534537905484,20.579579583494915,23.151348286546902,23.143926097661208,24.96790049094333,21.16072907436234,14.033067887704526,20.32803365935542,18.05828757671104,21.43165730039022,21.722786146264266,23.262636144729935
New Mexico,11.392921261165062,16.779144935147453,10.85440992366044,14.329750999526837,8.071315469256643,13.01334527887466,17.099983946399682,15.542416723447381,17.287035087229636,13.921225907793715,13.562969242252416,18.546361792055617,10.7220033506471,9.3712388166386,19.11955966002482,12.977482967859507,15.34777639345636,8.91597421142101,15.579435922473676,13.51711644920746,11.804152400344398,16.58440755233096,13.256098552091931,8.494146028314654,12.545499718587369,16.309418148334206,12.958273638886237,14.429529751964672,9.189251111939956,11.621718978182075,19.132649697018753,0.0,21.760113254110234,10.013963621022448,11.63014740319313,21.242282655642097,9.199416937002397,10.916051000497246,12.136492159230166,14.523990209871709,12.581258249218774,11.152060773572714,8.18125240420198,11.000689962131931,9.764327966224716,12.816747345233564,15.010102736377103,15.500593070002637,7.549089527543123,9.429027713503888,16.5678822516859
New York,25.124914342420407,24.916442677512638,23.918864437816072,26.188272555231187,24.074744496444243,17.848339914277624,12.205057488702845,18.004990535987513,10.57954141686903,24.26989020823211,21.888798208130332,26.595928422322412,24.340586723876434,16.091219753694403,21.565017465096453,24.67271797589479,26.197436227142557,21.612024430386818,15.731200422578084,22.15081224414074,10.889480333745848,8.8460866579749,15.698479115652827,21.267200667286563,22.77748233860996,24.299011828886197,26.35943810454869,23.365691212705006,23.76166483938911,16.955356752249244,8.409742444810014,21.760113254110234,0.0,23.295171411415303,25.441968371681543,24.615616803684947,20.740037176662582,22.42947727964273,14.806633548749142,15.520757990620002,22.856095347459462,25.745073136421926,24.940263734870506,27.04620960958029,24.010596174763123,16.710761931680764,22.830134752988883,19.856673644558185,23.55017164442788,24.426532147555193,24.851366244591347
North Carolina,10.85245011340967,15.96739626401987,10.184775661953088,14.787625985140922,10.201319744460218,14.203336777389962,17.727856689197264,14.26932811366953,18.06969057360271,12.402913970283496,12.167193063999026,18.591648704609167,11.096789367467425,12.507079475560706,19.94104664530762,13.347437902200591,14.212007459206829,8.907039395507933,15.286011663704638,13.902422056539807,14.806948418054526,18.93546328103193,13.767131002947208,10.373192363216504,11.164055914290856,15.001314643653895,13.42624269174167,16.129621915486204,9.144785148132247,11.77494949821666,21.203503532975663,10.013963621022448,23.295171411415303,0.0,13.594135745081507,20.693704623667365,9.98377596785079,11.081417048993409,14.485291418690537,16.184116485117887,11.510790868075114,12.385949908820972,9.12455446057733,10.961970385444172,10.587728681823416,13.676009442049759,13.78189020659074,14.01149933215861,8.938094640270952,11.454835286489159,15.4968171082236
North Dakota,15.167949356259218,13.08881928862544,15.015928397343332,15.38171072274881,17.147116675538662,13.422905774402459,18.62406776824119,18.053431570469392,20.12782948893045,17.246173000234805,16.36928494509314,17.92634785687073,10.754029034089085,13.236138693296768,20.799386487380193,12.742504478704944,12.432308933189129,14.514420880410796,18.761254652504302,16.08466515578245,16.769371647679737,20.477244231700784,14.042674273422655,10.800348912662164,14.059508776056015,14.074743984468531,11.268862742078749,13.69733053853957,12.353382808895182,14.054082907908684,22.74321605806888,11.63014740319313,25.441968371681543,13.594135745081507,0.0,21.983732337442238,14.219952082126035,12.834203497209144,16.147710601215262,17.652376799261145,15.967393629772683,10.210173253271448,11.762469267996735,15.850195137772994,11.92572167893433,14.281385326088577,22.696752396750412,15.26665814493355,10.716388273478625,9.799173964918475,12.859257558446927
Ohio,18.53672015201556,17.438595293847175,21.507843944389144,22.473100930142206,18.834436586081974,24.61083631165625,22.426786865148753,16.972140066374862,22.635132118992026,22.74327496779308,21.47136239610324,12.620180151229219,21.103990814528547,22.337940673744473,10.287096276648978,15.789380132415594,19.745508775669453,20.800465828294378,20.896631273045163,18.22324218094066,21.10168230413486,23.081088362380648,20.962658991467674,23.28868504582993,21.707144306672095,18.81398895682867,17.51323158945544,24.28277312976935,20.864243728521313,21.482955081263533,23.63565179493575,21.242282655642097,24.615616803684947,20.693704623667365,21.983732337442238,0.0,20.01356047348096,19.980127140997723,20.6769521896151,15.409006661117585,17.558127721620036,21.820102697254473,19.154755479171694,22.147340165495027,19.605653453957682,22.79940462231757,11.562062514534894,20.78349382501842,21.62827578533522,19.586787039289007,21.66333982476387
Oklahoma,11.372341827259321,15.345560598475286,11.004923619353558,14.697197151816264,9.449391946891547,14.884428224600912,16.068175264070895,13.937946510354543,16.0525984865363,13.025114132500859,11.077990015875997,18.873924548144622,11.410694737607203,12.075843980527848,19.829132153602885,13.824802400574855,14.232316118066317,8.325484488415068,14.210922709190594,12.247083879362195,13.021689174314437,16.878137694459483,13.007538661768638,12.067117245694313,12.233034759026891,15.106022569327278,12.889001373896322,15.688336755227153,9.455029175720938,12.297911947966353,18.531201773405392,9.199416937002397,20.740037176662582,9.98377596785079,14.219952082126035,20.01356047348096,0.0,10.596242052453368,13.5315552861613,15.594413960746902,12.325814493558973,12.79068479336245,9.09403507912495,10.704162233066393,10.143493328631497,13.144143809608678,12.797983177999885,14.235693052023171,9.333733764275681,10.633662217597655,16.154315238357132
Oregon,10.598074588826478,13.682214888291066,10.666443690175829,16.078573162515465,11.176742707449142,12.94533651658888,17.16399712578343,14.41135278498397,18.78012147085541,14.755590469382906,13.929774049746015,17.69999551368737,10.52550149123358,13.062969264349682,19.369140814978405,11.620259725348898,12.390567074113566,10.863408793149931,15.735580852261899,12.080069623405743,15.60662740548155,18.85323295163625,12.103102199270479,11.125640158651759,11.95053090273405,12.925305128966562,11.807056190013991,14.030543864960212,11.036014595387377,12.031326905326225,20.201991786853455,10.916051000497246,22.42947727964273,11.081417048993409,12.834203497209144,19.980127140997723,10.596242052453368,0.0,14.666964428219746,15.558472803768382,12.334598498045512,11.120422428626304,10.518548621838875,12.906806970198264,10.646324557428212,12.493813128991928,13.769664178853997,14.32290011556491,9.834192162371075,10.385356595939232,12.854526769841804
Pennsylvania,14.35263159552023,18.590569624093906,14.048221434192886,18.25218139668818,14.146205240728746,12.440017346271869,9.74272584440008,15.045893250473533,11.76341368892695,17.967080103766648,15.758171961561882,20.394427717301394,15.096747628265122,10.18193692454797,19.382300864047217,16.15180810121338,18.423408439092512,12.878318849266208,13.829438834947082,15.912737246079418,10.748682384815677,11.596312510025223,13.822221385588827,11.580138528263937,15.595711283178375,18.754380097047065,17.25939282440682,17.340399028567443,13.947457620051692,11.068483037847598,11.969355743474246,12.136492159230166,14.806633548749142,14.485291418690537,16.147710601215262,20.6769521896151,13.5315552861613,14.666964428219746,0.0,13.33890993715119,15.853808130238134,15.19225932897972,14.437936998196912,16.735075529396006,13.945104744142574,10.937972167570438,17.482821696988683,15.909105737495915,13.241483781739918,13.639154729825393,18.829397309476015
Rhode Island,16.185308582190473,16.303246718122608,15.29580410405772,19.827737803911152,14.633446330297994,15.778762902279738,14.108549713645793,13.391912796818179,13.578528101596882,18.074327818044182,16.68137534433248,16.37247385339811,16.592258839709473,12.666654744702905,14.012921272259746,13.929583218783419,17.90866055078373,14.348796919329686,15.352699987767783,15.583754353463108,12.064846544464249,13.274597790939415,14.572698014931076,14.55270796082157,15.543993326385788,16.992347867625533,16.43587622079607,18.724484309405202,15.731358014219333,13.075923832102033,13.983534537905484,14.523990209871709,15.520757990620002,16.184116485117887,17.652376799261145,15.409006661117585,15.594413960746902,15.558472803768382,13.33890993715119,0.0,13.903533763009923,17.319759547534215,15.970725301685661,18.725219710236154,14.271461054215035,14.644950969175062,13.895410683436172,16.887744098467145,16.063316134882093,15.878732303665727,19.04625231988657
South Carolina,10.483393800017891,13.728290671878236,11.017935448436088,16.49050229116505,11.144524349160367,17.243500979338428,18.125266208768107,12.979128966354052,17.736969670623736,12.220712383759182,12.837045329044114,15.512468719033796,12.045783486239639,15.407733912370352,17.176452770223197,13.486845988983234,14.509015629868706,11.912023636799667,14.341663056935559,12.883498846247848,15.00662339353441,18.591417144308693,15.073538959649001,14.110867336871248,11.1885047904039,14.782094299474917,14.143880842857318,14.49597140816865,10.540646225992232,12.904211970408076,20.579579583494915,12.581258249218774,22.856095347459462,11.510790868075114,15.967393629772683,17.558127721620036,12.325814493558973,12.334598498045512,15.853808130238134,13.903533763009923,0.0,15.956708416207725,11.455428192294514,11.867099765690593,11.447799701694377,15.04098473684451,14.62557158444385,15.09698448735783,11.736644405107032,13.632356842392864,15.717858214145283
