,Alabama,Alaska,Arizona,Arkansas,California,Colorado,Connecticut,Delaware,District of Columbia,Florida,Georgia,Hawaii,Idaho,Illinois,Indiana,Iowa,Kansas,Kentucky,Louisiana,Maine,Maryland,Massachusetts,Michigan,Minnesota,Mississippi,Missouri,Montana,Nebraska,Nevada,New Hampshire,New Jersey,New Mexico,New York,North Carolina,North Dakota,Ohio,Oklahoma,Oregon,Pennsylvania,Rhode Island,South Carolina,South Dakota,Tennessee,Texas,Utah,Vermont,Virginia,Washington,West Virginia,Wisconsin,Wyoming
Alabama,0.0,18.008293008843303,13.978724573588892,16.365435052631064,20.469489490458717,19.036136856437466,28.338614080014786,20.469489490458717,20.469489490458717,18.694635992826818,17.80202271440389,21.731651904969077,17.376486553494487,20.469489490458717,25.73471436785826,28.390553900447863,18.43174320742006,16.138179960736835,20.469489490458717,19.729267327907813,20.63667200931825,22.23029628036871,20.469489490458717,19.111264597276158,18.95737315365662,20.469489490458717,22.80325545043308,25.57747165915802,20.469489490458717,13.887808796834182,26.420512141237246,19.521086837738377,20.469489490458717,20.469489490458717,20.795114591114235,18.433386591081597,16.617300540726255,17.32485606254079,28.44087028163608,20.512919455442155,18.129576396800555,18.945507199728674,16.64762800708873,20.469489490458717,18.3222882354414,28.46087662506606,19.395867024774997,25.590064043208923,20.469489490458717,18.703328901801097,20.46290810938297
Alaska,18.008293008843303,0.0,20.045139007853283,13.08052871974176,20.469489490458706,12.40871940470364,28.32949137068535,20.469489490458706,20.469489490458706,17.156737326798897,14.857070652036095,17.211075875218388,10.458996511065493,20.469489490458706,23.19210860635361,28.39824981145312,14.23812153153375,14.348103071902154,20.469489490458706,14.082027018077607,15.858723785972273,18.345353416816813,20.469489490458706,11.374907494172119,16.04309376525246,20.469489490458706,16.155538094859466,22.881275244202786,20.469489490458706,21.796637520362854,24.139876266893356,14.48476744113045,20.469489490458706,20.469489490458706,12.815865249221734,10.875484047917785,10.901759112692979,10.85156031591588,28.405172642463643,15.528060739182465,19.408844591019843,11.634207386942805,13.81494053445873,20.469489490458706,11.477215441280402,28.44711934932747,14.3890520446971,23.157662136512048,20.469489490458706,12.03058131026401,15.334356213923176
Arizona,13.978724573588892,20.045139007853283,0.0,18.78036258978637,20.469489490458727,21.531181810120568,24.622836819544414,20.469489490458727,20.469489490458727,18.570241491422063,19.209479142561797,21.423786238875152,18.522349368417785,20.469489490458727,25.458760846297384,28.88788606183922,21.857294682502236,17.569026794593373,20.469489490458727,21.37299210188457,20.886048972907233,25.24994044269061,20.469489490458727,19.79680927084734,23.577515655293823,20.469489490458727,22.955495032148164,24.4780988260757,20.469489490458727,15.682570545888362,26.85740041797416,20.85549052622508,20.469489490458727,20.469489490458727,21.789102771109235,19.253919892818047,19.35755643427343,20.33196738255506,28.885569487355333,23.01605311983038,19.087864708804762,20.731773097715845,18.221158744306713,20.469489490458727,19.613416062968522,28.892048104123386,20.5674739295933,26.08822948597271,20.469489490458727,20.877488638343625,19.829556746339634
Arkansas,16.365435052631064,13.08052871974176,18.78036258978637,0.0,20.469489490458717,14.53333794902799,26.63317053365469,20.469489490458717,20.469489490458717,12.91114674926696,11.617908859691228,18.408111712786926,11.33648194049771,20.469489490458717,20.412898009227256,27.498800595494643,15.19241805304168,13.281068321688725,20.469489490458717,14.236072538568248,13.811604199872948,18.246518538030617,20.469489490458717,13.81551866444468,17.252070429224606,20.469489490458717,19.402708299065125,23.035339762718884,20.469489490458717,18.585457341267425,23.508966604385048,13.069108553798195,20.469489490458717,20.469489490458717,16.022594573214192,12.649145879465905,11.212511895752726,13.594951377477624,27.701556048255576,15.011177201693712,16.48018952272184,13.834831185726426,10.77375063247695,20.469489490458717,11.912200217751417,27.145714466950366,13.16711533862354,22.372769837574378,20.469489490458717,12.545360258622427,15.652910784529258
California,20.469489490458717,20.469489490458706,20.469489490458727,20.469489490458717,0.0,20.469489490458717,20.46948949045872,0.0,0.0,20.469489490458702,20.46948949045872,20.469489490458717,20.46948949045872,0.0,20.46948949045873,20.469489490458724,20.469489490458702,20.46948949045871,0.0,20.46948949045874,20.469489490458724,20.469489490458734,0.0,20.46948949045872,20.46948949045867,0.0,20.469489490458724,20.469489490458738,0.0,20.469489490458795,20.469489490458724,20.469489490458713,0.0,0.0,20.469489490458727,20.46948949045872,20.469489490458717,20.46948949045872,20.46948949045872,20.469489490458727,20.469489490458695,20.46948949045872,20.469489490458727,0.0,20.469489490458706,20.46948949045872,20.469489490458713,20.46948949045872,0.0,20.469489490458727,20.469489490458702
Colorado,19.036136856437466,12.40871940470364,21.531181810120568,14.53333794902799,20.469489490458717,0.0,26.0222767867272,20.469489490458717,20.469489490458717,18.396326076869453,16.334332775035246,16.46084644672436,14.067472467702629,20.469489490458717,19.321665520792493,28.15195245979517,16.183382720058788,14.929198456743977,20.469489490458717,15.020660124509481,14.381995067949052,15.594293257010989,20.469489490458717,14.185780528638361,16.19602098372168,20.469489490458717,17.72516628225141,19.345756989250695,20.469489490458717,20.826033053016054,19.95674616730553,13.403335431428696,20.469489490458717,20.469489490458717,13.09259387866266,13.359870752812638,13.904475012401257,12.077283575990691,28.320868948098084,13.828612949542268,20.38329127715968,13.834404167521317,16.136905632327682,20.469489490458717,14.377004994116382,28.082764619395043,14.831552671784907,19.156541304017498,20.469489490458717,13.794474785687672,16.25205924406386
Connecticut,28.338614080014786,28.32949137068535,24.622836819544414,26.63317053365469,20.46948949045872,26.0222767867272,0.0,20.46948949045872,20.46948949045872,26.890925756457435,26.553541244438556,27.699735467861622,28.17499067563842,20.46948949045872,20.884437027022944,28.175202534485276,28.094530081173488,25.601406773435343,20.46948949045872,27.723311554020874,26.41006045638622,24.063299927766785,20.46948949045872,28.297102762764286,27.389963313779905,20.46948949045872,28.64590143534701,26.881677355418073,20.46948949045872,25.209082585411178,22.422333023846242,25.861582468612838,20.46948949045872,20.46948949045872,28.30729731769183,28.267522365214433,28.267016850071503,27.77705250659769,28.01722892611598,24.785304535507045,26.7926329141082,28.603025519989412,26.822875869347673,20.46948949045872,28.76152982514525,28.301681281005376,26.68950734273855,20.662496857446488,20.46948949045872,27.944628055142637,27.675319149127365
Delaware,20.469489490458717,20.469489490458706,20.469489490458727,20.469489490458717,0.0,20.469489490458717,20.46948949045872,0.0,0.0,20.469489490458702,20.46948949045872,20.469489490458717,20.46948949045872,0.0,20.46948949045873,20.469489490458724,20.469489490458702,20.46948949045871,0.0,20.46948949045874,20.469489490458724,20.469489490458734,0.0,20.46948949045872,20.46948949045867,0.0,20.469489490458724,20.469489490458738,0.0,20.469489490458795,20.469489490458724,20.469489490458713,0.0,0.0,20.469489490458727,20.46948949045872,20.469489490458717,20.46948949045872,20.46948949045872,20.469489490458727,20.469489490458695,20.46948949045872,20.469489490458727,0.0,20.469489490458706,20.46948949045872,20.469489490458713,20.46948949045872,0.0,20.469489490458727,20.469489490458702
District of Columbia,20.469489490458717,20.469489490458706,20.469489490458727,20.469489490458717,0.0,20.469489490458717,20.46948949045872,0.0,0.0,20.469489490458702,20.46948949045872,20.469489490458717,20.46948949045872,0.0,20.46948949045873,20.469489490458724,20.469489490458702,20.46948949045871,0.0,20.46948949045874,20.469489490458724,20.469489490458734,0.0,20.46948949045872,20.46948949045867,0.0,20.469489490458724,20.469489490458738,0.0,20.469489490458795,20.469489490458724,20.469489490458713,0.0,0.0,20.469489490458727,20.46948949045872,20.469489490458717,20.46948949045872,20.46948949045872,20.469489490458727,20.469489490458695,20.46948949045872,20.469489490458727,0.0,20.469489490458706,20.46948949045872,20.469489490458713,20.46948949045872,0.0,20.469489490458727,20.469489490458702
Florida,18.694635992826818,17.156737326798897,18.570241491422063,12.91114674926696,20.469489490458702,18.396326076869453,26.890925756457435,20.469489490458702,20.469489490458702,0.0,8.711037022761817,20.47226603800842,13.510270283981674,20.469489490458702,22.552375030498435,27.63801330526897,18.107884577873524,19.089307010663113,20.469489490458702,18.609408794579657,13.8765014782166,22.778933705527095,20.469489490458702,17.9602396851146,19.250420658916788,20.469489490458702,22.241217418069876,22.605865696571925,20.469489490458702,20.128228884234744,25.510221102811506,16.40713309585858,20.469489490458702,20.469489490458702,21.2228735765208,15.405043468026623,13.544105483605998,15.804702990702026,27.74618851816765,20.012429307509663,16.169583079458377,19.192917734166727,9.730461614178665,20.469489490458702,15.172363136839111,27.596003208916265,11.404252292708996,23.500324053865295,20.469489490458702,17.161135763036096,19.833189901927007
Georgia,17.80202271440389,14.857070652036095,19.209479142561797,11.617908859691228,20.46948949045872,16.334332775035246,26.553541244438556,20.46948949045872,20.46948949045872,8.711037022761817,0.0,19.174979996297044,12.443159324979979,20.46948949045872,22.489801926513987,27.56507680058155,16.817010898851763,15.987208977628145,20.46948949045872,15.278843888015347,12.772812504472174,20.204761095528593,20.46948949045872,15.897612064032861,18.21720054716769,20.46948949045872,21.758088153905675,22.896935690143003,20.46948949045872,18.778610189745148,25.013375177772847,14.054873171884438,20.46948949045872,20.46948949045872,19.52146247637522,13.136620258447891,12.913978471088551,13.752876944296256,27.548399031440233,17.029010077090103,15.514830513998236,17.676177822944087,10.041517611500398,20.46948949045872,13.618586201052917,27.02664172426249,10.880098398151558,22.82955403856894,20.46948949045872,15.37473949387565,18.670405117765153
Hawaii,21.731651904969077,17.211075875218388,21.423786238875152,18.408111712786926,20.469489490458717,16.46084644672436,27.699735467861622,20.469489490458717,20.469489490458717,20.47226603800842,19.174979996297044,0.0,18.30958868057102,20.469489490458717,25.942385347197376,28.351753338370326,19.971917589060823,18.744404233885646,20.469489490458717,19.660779586514284,18.500644433088837,20.225443306702022,20.469489490458717,18.876461661015952,19.941831191843388,20.469489490458717,22.960938416725075,24.995565473459546,20.469489490458717,23.977741358864186,25.050942811935233,20.319595639453752,20.469489490458717,20.469489490458717,11.188684246348485,18.869792240695823,17.76388969017486,14.588645258354703,28.328806768257223,19.2069298248175,22.58168070914972,17.8467850518928,19.64807763323063,20.469489490458717,18.807502882614266,28.375465376958964,19.913883384924677,25.6156634019212,20.469489490458717,19.164594186617734,18.840601117529776
Idaho,17.376486553494487,10.458996511065493,18.522349368417785,11.33648194049771,20.46948949045872,14.067472467702629,28.17499067563842,20.46948949045872,20.46948949045872,13.510270283981674,12.443159324979979,18.30958868057102,0.0,20.46948949045872,21.254563453685716,28.13600868651528,14.718895526133679,14.071644528670149,20.46948949045872,12.593938767028217,12.502557888035579,19.361251683712574,20.46948949045872,8.777420767368945,17.302965853089603,20.46948949045872,17.291634236865985,21.916559546329736,20.46948949045872,19.833414602313553,24.297844975494616,11.607923568285333,20.46948949045872,20.46948949045872,14.603780992085209,7.862556096978167,9.151041933162896,11.845821942492284,28.267736136705917,15.656110037332551,17.377783186948204,8.80886979061196,10.679225271372685,20.46948949045872,7.583679854546938,28.19691612893329,10.92418381745171,22.06738891433919,20.46948949045872,9.268571578248409,15.274220194699643
Illinois,20.469489490458717,20.469489490458706,20.469489490458727,20.469489490458717,0.0,20.469489490458717,20.46948949045872,0.0,0.0,20.469489490458702,20.46948949045872,20.469489490458717,20.46948949045872,0.0,20.46948949045873,20.469489490458724,20.469489490458702,20.46948949045871,0.0,20.46948949045874,20.469489490458724,20.469489490458734,0.0,20.46948949045872,20.46948949045867,0.0,20.469489490458724,20.469489490458738,0.0,20.469489490458795,20.469489490458724,20.469489490458713,0.0,0.0,20.469489490458727,20.46948949045872,20.469489490458717,20.46948949045872,20.46948949045872,20.469489490458727,20.469489490458695,20.46948949045872,20.469489490458727,0.0,20.469489490458706,20.46948949045872,20.469489490458713,20.46948949045872,0.0,20.469489490458727,20.469489490458702
Indiana,25.73471436785826,23.19210860635361,25.458760846297384,20.412898009227256,20.46948949045873,19.321665520792493,20.884437027022944,20.46948949045873,20.46948949045873,22.552375030498435,22.489801926513987,25.942385347197376,21.254563453685716,20.46948949045873,0.0,28.948229652260252,24.809119472758255,19.004939048064482,20.46948949045873,22.537877549812933,20.381643269683664,20.414893627672896,20.46948949045873,20.403158493930206,25.293077959407835,20.46948949045873,25.035744597333213,6.375458309754839,20.46948949045873,24.705623258068268,14.494790647778872,16.4427260890471,20.46948949045873,20.46948949045873,24.138642356203476,21.24989914207313,22.9189322776591,23.844491475561064,28.948229652260252,18.613995492412936,22.694612574317997,20.939814817999224,21.450701259748808,20.46948949045873,21.11040683918654,28.94822965226025,21.103783122200024,6.550424065749599,20.46948949045873,21.452673284161094,24.30704522073153
Iowa,28.390553900447863,28.39824981145312,28.88788606183922,27.498800595494643,20.469489490458724,28.15195245979517,28.175202534485276,20.469489490458724,20.469489490458724,27.63801330526897,27.56507680058155,28.351753338370326,28.13600868651528,20.469489490458724,28.948229652260252,0.0,28.35956004744648,27.45876662962016,20.469489490458724,27.279221651400892,28.113962525643462,26.888101587382337,20.469489490458724,28.65236488963074,26.236244861244707,20.469489490458724,28.807704760427562,28.948229652260263,20.469489490458724,27.490873440622806,28.94822965226027,27.782700438923904,20.469489490458724,20.469489490458724,28.661396079198138,28.370542014154776,28.550626460124093,28.020610232650274,2.450190903422914,24.017591441612367,27.911409196367643,28.543528323438906,27.927370136290957,20.469489490458724,27.86140289816537,6.888130369696924,27.737649036505665,28.94822965226028,20.469489490458724,27.796964381623226,28.11259423565967
Kansas,18.43174320742006,14.23812153153375,21.857294682502236,15.19241805304168,20.469489490458702,16.183382720058788,28.094530081173488,20.469489490458702,20.469489490458702,18.107884577873524,16.817010898851763,19.971917589060823,14.718895526133679,20.469489490458702,24.809119472758255,28.35956004744648,0.0,16.511981308664307,20.469489490458702,17.066858934035782,18.27851853168938,18.348311319407305,20.469489490458702,16.758128573135597,15.488983898745396,20.469489490458702,19.889974074207384,24.385325141822594,20.469489490458702,22.344236416868526,25.60404480015753,16.93612049918999,20.469489490458702,20.469489490458702,18.031733381254654,16.092448376666397,13.50355718431025,13.803540360042728,28.425497458309998,17.54155200424842,19.58511964038652,16.21540213357615,16.225178055105598,20.469489490458702,16.25794127515084,28.413677448166563,16.8459554701547,24.264030867118883,20.469489490458702,16.19634996354152,17.660892011108864
Kentucky,16.138179960736835,14.348103071902154,17.569026794593373,13.281068321688725,20.46948949045871,14.929198456743977,25.601406773435343,20.46948949045871,20.46948949045871,19.089307010663113,15.987208977628145,18.744404233885646,14.071644528670149,20.46948949045871,19.004939048064482,27.45876662962016,16.511981308664307,0.0,20.46948949045871,13.425324234208164,15.346357047505347,18.386066283735335,20.46948949045871,15.440057695303706,17.54661401325005,20.46948949045871,18.38606475584139,23.46591380026623,20.46948949045871,16.604519293623973,23.639333842255827,13.848273018854307,20.46948949045871,20.46948949045871,17.97170144719506,14.68278041212906,14.455148141671335,14.211120739272861,27.202680194069103,14.510546819352816,17.893260399800557,15.560608698716564,15.137713039124417,20.46948949045871,14.406997121915355,26.399945982371086,14.86249850296462,23.496529081542427,20.46948949045871,13.358949639053703,17.611462886476897
Louisiana,20.469489490458717,20.469489490458706,20.469489490458727,20.469489490458717,0.0,20.469489490458717,20.46948949045872,0.0,0.0,20.469489490458702,20.46948949045872,20.469489490458717,20.46948949045872,0.0,20.46948949045873,20.469489490458724,20.469489490458702,20.46948949045871,0.0,20.46948949045874,20.469489490458724,20.469489490458734,0.0,20.46948949045872,20.46948949045867,0.0,20.469489490458724,20.469489490458738,0.0,20.469489490458795,20.469489490458724,20.469489490458713,0.0,0.0,20.469489490458727,20.46948949045872,20.469489490458717,20.46948949045872,20.46948949045872,20.469489490458727,20.469489490458695,20.46948949045872,20.469489490458727,0.0,20.469489490458706,20.46948949045872,20.469489490458713,20.46948949045872,0.0,20.469489490458727,20.469489490458702
Maine,19.729267327907813,14.082027018077607,21.37299210188457,14.236072538568248,20.46948949045874,15.020660124509481,27.723311554020874,20.46948949045874,20.46948949045874,18.609408794579657,15.278843888015347,19.660779586514284,12.593938767028217,20.46948949045874,22.537877549812933,27.279221651400892,17.066858934035782,13.425324234208164,20.46948949045874,0.0,12.356770448795901,15.795415483204174,20.46948949045874,13.157029099955821,17.965742089307415,20.46948949045874,19.59563743788345,22.608156755860097,20.46948949045874,20.520754835485064,24.082380916717604,11.414836453509027,20.46948949045874,20.46948949045874,16.719164613381903,12.69161155808685,14.216397057532554,14.801148145024172,27.030495342126194,12.242511748432236,18.70131509833629,13.898703153133932,16.132655012181374,20.46948949045874,12.283007989040433,26.24990592573882,13.131754531422349,22.487701963691023,20.46948949045874,10.351924251232825,17.202919600987894
Maryland,20.63667200931825,15.858723785972273,20.886048972907233,13.811604199872948,20.469489490458724,14.381995067949052,26.41006045638622,20.469489490458724,20.469489490458724,13.8765014782166,12.772812504472174,18.500644433088837,12.502557888035579,20.469489490458724,20.381643269683664,28.113962525643462,18.27851853168938,15.346357047505347,20.469489490458724,12.356770448795901,0.0,17.61813188280863,20.469489490458724,10.750620721932384,20.23610205648154,20.469489490458724,21.577035151527646,22.339751298583153,20.469489490458724,18.554746052241367,24.08431037310751,10.81725437982661,20.469489490458724,20.469489490458724,16.898456917762207,11.070999868836216,15.287854356828074,15.088012751136457,28.06033334056642,15.27627252797905,18.21936148706653,12.944483765635976,13.020100597582193,20.469489490458724,11.578866187481996,27.959850653781473,9.605121541197299,22.339873227569257,20.469489490458724,12.571563755266677,17.66482179442049
Massachusetts,22.23029628036871,18.345353416816813,25.24994044269061,18.246518538030617,20.469489490458734,15.594293257010989,24.063299927766785,20.469489490458734,20.469489490458734,22.778933705527095,20.204761095528593,20.225443306702022,19.361251683712574,20.469489490458734,20.414893627672896,26.888101587382337,18.348311319407305,18.386066283735335,20.469489490458734,15.795415483204174,17.61813188280863,0.0,20.469489490458734,18.545604980718757,15.268060548126648,20.469489490458734,24.071707847025326,25.305675569948185,20.469489490458734,20.95702062508361,25.093685610541232,18.91396490937746,20.469489490458734,20.469489490458734,20.775719692082873,19.379922452879896,20.055562222381056,17.429144486312854,26.73275347398004,14.541924946404075,22.523845458059114,20.13320895964597,20.34671089002564,20.469489490458734,19.753551083852944,25.392896220688087,17.571728441794708,24.59057543025494,20.469489490458734,19.387237588935577,19.381511612012247
Michigan,20.469489490458717,20.469489490458706,20.469489490458727,20.469489490458717,0.0,20.469489490458717,20.46948949045872,0.0,0.0,20.469489490458702,20.46948949045872,20.469489490458717,20.46948949045872,0.0,20.46948949045873,20.469489490458724,20.469489490458702,20.46948949045871,0.0,20.46948949045874,20.469489490458724,20.469489490458734,0.0,20.46948949045872,20.46948949045867,0.0,20.469489490458724,20.469489490458738,0.0,20.469489490458795,20.469489490458724,20.469489490458713,0.0,0.0,20.469489490458727,20.46948949045872,20.469489490458717,20.46948949045872,20.46948949045872,20.469489490458727,20.469489490458695,20.46948949045872,20.469489490458727,0.0,20.469489490458706,20.46948949045872,20.469489490458713,20.46948949045872,0.0,20.469489490458727,20.469489490458702
Minnesota,19.111264597276158,11.374907494172119,19.79680927084734,13.81551866444468,20.46948949045872,14.185780528638361,28.297102762764286,20.46948949045872,20.46948949045872,17.9602396851146,15.897612064032861,18.876461661015952,8.777420767368945,20.46948949045872,20.403158493930206,28.65236488963074,16.758128573135597,15.440057695303706,20.46948949045872,13.157029099955821,10.750620721932384,18.545604980718757,20.46948949045872,0.0,19.260416736384194,20.46948949045872,16.70352164574752,20.633883431089327,20.46948949045872,20.012460755730313,25.54245879226312,11.037589324717878,20.46948949045872,20.46948949045872,14.021459899860037,7.619285696391049,11.686469579204621,13.440148846400515,28.660197305480505,16.46697274187975,20.4770053437907,6.893749381851304,13.71632462894475,20.46948949045872,7.700927271995996,28.673645550657245,11.563789664877781,21.545122754229805,20.46948949045872,8.544079313947096,16.448583725220537
Mississippi,18.95737315365662,16.04309376525246,23.577515655293823,17.252070429224606,20.46948949045867,16.19602098372168,27.389963313779905,20.46948949045867,20.46948949045867,19.250420658916788,18.21720054716769,19.941831191843388,17.302965853089603,20.46948949045867,25.293077959407835,26.236244861244707,15.488983898745396,17.54661401325005,20.46948949045867,17.965742089307415,20.23610205648154,15.268060548126648,20.46948949045867,19.260416736384194,0.0,20.46948949045867,21.167042532339238,23.722305324664465,20.46948949045867,20.815850813393,22.872942186545856,18.72754382593738,20.46948949045867,20.46948949045867,19.71900273488676,19.08784542690204,16.44288756084779,15.260625378691977,26.23870509022303,17.44287146493042,20.88406673650992,19.276924392635696,18.053785014700342,20.46948949045867,20.621014669413455,26.127384909142734,18.433642820218484,23.504308044491545,20.46948949045867,18.84709688502077,18.023401171239524
Missouri,20.469489490458717,20.469489490458706,20.469489490458727,20.469489490458717,0.0,20.469489490458717,20.46948949045872,0.0,0.0,20.469489490458702,20.46948949045872,20.469489490458717,20.46948949045872,0.0,20.46948949045873,20.469489490458724,20.469489490458702,20.46948949045871,0.0,20.46948949045874,20.469489490458724,20.469489490458734,0.0,20.46948949045872,20.46948949045867,0.0,20.469489490458724,20.469489490458738,0.0,20.469489490458795,20.469489490458724,20.469489490458713,0.0,0.0,20.469489490458727,20.46948949045872,20.469489490458717,20.46948949045872,20.46948949045872,20.469489490458727,20.469489490458695,20.46948949045872,20.469489490458727,0.0,20.469489490458706,20.46948949045872,20.469489490458713,20.46948949045872,0.0,20.469489490458727,20.469489490458702
Montana,22.80325545043308,16.155538094859466,22.955495032148164,19.402708299065125,20.469489490458724,17.72516628225141,28.64590143534701,20.469489490458724,20.469489490458724,22.241217418069876,21.758088153905675,22.960938416725075,17.291634236865985,20.469489490458724,25.035744597333213,28.807704760427562,19.889974074207384,18.38606475584139,20.469489490458724,19.59563743788345,21.577035151527646,24.071707847025326,20.469489490458724,16.70352164574752,21.167042532339238,20.469489490458724,0.0,24.787169606345913,20.469489490458724,25.121042627222096,19.152021786937325,19.394167818038422,20.469489490458724,20.469489490458724,18.73880897920664,17.290873954171406,18.26171215473201,14.071284765053102,28.8077105154948,20.97163792078946,23.764904828654505,15.733051079238603,19.754503478201528,20.469489490458724,17.043030356115977,28.81964322195025,20.564906809094595,25.504019457458472,20.469489490458724,17.46575189124496,19.205583527475156
Nebraska,25.57747165915802,22.881275244202786,24.4780988260757,23.035339762718884,20.469489490458738,19.345756989250695,26.881677355418073,20.469489490458738,20.469489490458738,22.605865696571925,22.896935690143003,24.995565473459546,21.916559546329736,20.469489490458738,6.375458309754839,28.948229652260263,24.385325141822594,23.46591380026623,20.469489490458738,22.608156755860097,22.339751298583153,25.305675569948185,20.469489490458738,20.633883431089327,23.722305324664465,20.469489490458738,24.787169606345913,0.0,20.469489490458738,23.975907129142303,12.532769991693428,17.651350572889722,20.469489490458738,20.469489490458738,23.865416546230463,21.753412557729483,22.899378528221632,23.43728275020476,28.948229652260263,25.05763123451618,23.409920425507,21.073580501066292,22.982188794690156,20.469489490458738,21.694955884472897,28.94822965226026,21.301228339824668,5.649170370508606,20.469489490458738,21.903576318821123,24.13375869183094
Nevada,20.469489490458717,20.469489490458706,20.469489490458727,20.469489490458717,0.0,20.469489490458717,20.46948949045872,0.0,0.0,20.469489490458702,20.46948949045872,20.469489490458717,20.46948949045872,0.0,20.46948949045873,20.469489490458724,20.469489490458702,20.46948949045871,0.0,20.46948949045874,20.469489490458724,20.469489490458734,0.0,20.46948949045872,20.46948949045867,0.0,20.469489490458724,20.469489490458738,0.0,20.469489490458795,20.469489490458724,20.469489490458713,0.0,0.0,20.469489490458727,20.46948949045872,20.469489490458717,20.46948949045872,20.46948949045872,20.469489490458727,20.469489490458695,20.46948949045872,20.469489490458727,0.0,20.469489490458706,20.46948949045872,20.469489490458713,20.46948949045872,0.0,20.469489490458727,20.469489490458702
New Hampshire,13.887808796834182,21.796637520362854,15.682570545888362,18.585457341267425,20.469489490458795,20.826033053016054,25.209082585411178,20.469489490458795,20.469489490458795,20.128228884234744,18.778610189745148,23.977741358864186,19.833414602313553,20.469489490458795,24.705623258068268,27.490873440622806,22.344236416868526,16.604519293623973,20.469489490458795,20.520754835485064,18.554746052241367,20.95702062508361,20.469489490458795,20.012460755730313,20.815850813393,20.469489490458795,25.121042627222096,23.975907129142303,20.469489490458795,0.0,25.522385544917224,18.82136035353108,20.469489490458795,20.469489490458795,23.961661810356603,20.453301487507687,21.52204241514621,21.125049274927807,27.544300625705954,21.58993618411246,18.354704661153924,21.14359141487759,17.96817923330576,20.469489490458795,20.97608472234474,27.266224259113223,18.510787273561533,25.218784999507058,20.469489490458795,19.971768460257017,21.746690502136854
New Jersey,26.420512141237246,24.139876266893356,26.85740041797416,23.508966604385048,20.469489490458724,19.95674616730553,22.422333023846242,20.469489490458724,20.469489490458724,25.510221102811506,25.013375177772847,25.050942811935233,24.297844975494616,20.469489490458724,14.494790647778872,28.94822965226027,25.60404480015753,23.639333842255827,20.469489490458724,24.082380916717604,24.08431037310751,25.093685610541232,20.469489490458724,25.54245879226312,22.872942186545856,20.469489490458724,19.152021786937325,12.532769991693428,20.469489490458724,25.522385544917224,0.0,20.76614271106692,20.469489490458724,20.469489490458724,23.840393568582567,24.561588713415468,23.931541487205724,25.087123115293306,28.94822965226027,23.715044732070012,25.506756771968412,25.137104409864886,24.318893787690193,20.469489490458724,24.642894853315397,28.94822965226027,23.426644027439234,12.812002431432001,20.469489490458724,25.06897558402975,25.18113669588065
New Mexico,19.521086837738377,14.48476744113045,20.85549052622508,13.069108553798195,20.469489490458713,13.403335431428696,25.861582468612838,20.469489490458713,20.469489490458713,16.40713309585858,14.054873171884438,20.319595639453752,11.607923568285333,20.469489490458713,16.4427260890471,27.782700438923904,16.93612049918999,13.848273018854307,20.469489490458713,11.414836453509027,10.81725437982661,18.91396490937746,20.469489490458713,11.037589324717878,18.72754382593738,20.469489490458713,19.394167818038422,17.651350572889722,20.469489490458713,18.82136035353108,20.76614271106692,0.0,20.469489490458713,20.469489490458713,17.011370903238987,11.163856551175813,13.225835732312975,14.649271845626844,27.683496014284287,14.593328803241649,17.700508314371675,11.69074877459047,14.163073750386614,20.469489490458713,10.867061112874303,27.136643322362897,12.252731004491924,17.496073828941583,20.469489490458713,10.439139706512345,17.597933540609738
New York,20.469489490458717,20.469489490458706,20.469489490458727,20.469489490458717,0.0,20.469489490458717,20.46948949045872,0.0,0.0,20.469489490458702,20.46948949045872,20.469489490458717,20.46948949045872,0.0,20.46948949045873,20.469489490458724,20.469489490458702,20.46948949045871,0.0,20.46948949045874,20.469489490458724,20.469489490458734,0.0,20.46948949045872,20.46948949045867,0.0,20.469489490458724,20.469489490458738,0.0,20.469489490458795,20.469489490458724,20.469489490458713,0.0,0.0,20.469489490458727,20.46948949045872,20.469489490458717,20.46948949045872,20.46948949045872,20.469489490458727,20.469489490458695,20.46948949045872,20.469489490458727,0.0,20.469489490458706,20.46948949045872,20.469489490458713,20.46948949045872,0.0,20.469489490458727,20.469489490458702
North Carolina,20.469489490458717,20.469489490458706,20.469489490458727,20.469489490458717,0.0,20.469489490458717,20.46948949045872,0.0,0.0,20.469489490458702,20.46948949045872,20.469489490458717,20.46948949045872,0.0,20.46948949045873,20.469489490458724,20.469489490458702,20.46948949045871,0.0,20.46948949045874,20.469489490458724,20.469489490458734,0.0,20.46948949045872,20.46948949045867,0.0,20.469489490458724,20.469489490458738,0.0,20.469489490458795,20.469489490458724,20.469489490458713,0.0,0.0,20.469489490458727,20.46948949045872,20.469489490458717,20.46948949045872,20.46948949045872,20.469489490458727,20.469489490458695,20.46948949045872,20.469489490458727,0.0,20.469489490458706,20.46948949045872,20.469489490458713,20.46948949045872,0.0,20.469489490458727,20.469489490458702
North Dakota,20.795114591114235,12.815865249221734,21.789102771109235,16.022594573214192,20.469489490458727,13.09259387866266,28.30729731769183,20.469489490458727,20.469489490458727,21.2228735765208,19.52146247637522,11.188684246348485,14.603780992085209,20.469489490458727,24.138642356203476,28.661396079198138,18.031733381254654,17.97170144719506,20.469489490458727,16.719164613381903,16.898456917762207,20.775719692082873,20.469489490458727,14.021459899860037,19.71900273488676,20.469489490458727,18.73880897920664,23.865416546230463,20.469489490458727,23.961661810356603,23.840393568582567,17.011370903238987,20.469489490458727,20.469489490458727,0.0,14.567998710180081,14.714295099097475,14.461224631925912,28.747952720918494,16.928996975907843,22.66565191496364,12.930577165744493,18.265014845915942,20.469489490458727,14.326627904885699,28.699343331490002,18.994694528899334,24.359904985021874,20.469489490458727,15.071262494172682,17.09892024763095
Ohio,18.433386591081597,10.875484047917785,19.253919892818047,12.649145879465905,20.46948949045872,13.359870752812638,28.267522365214433,20.46948949045872,20.46948949045872,15.405043468026623,13.136620258447891,18.869792240695823,7.862556096978167,20.46948949045872,21.24989914207313,28.370542014154776,16.092448376666397,14.68278041212906,20.46948949045872,12.69161155808685,11.070999868836216,19.379922452879896,20.46948949045872,7.619285696391049,19.08784542690204,20.46948949045872,17.290873954171406,21.753412557729483,20.46948949045872,20.453301487507687,24.561588713415468,11.163856551175813,20.46948949045872,20.46948949045872,14.567998710180081,0.0,9.944689139647442,12.339402283787692,28.57497422293409,15.792148805938812,18.63905302497374,8.275361893003103,12.389683626135671,20.46948949045872,7.294843676693943,28.462274754970096,10.536604462296655,22.00739368481565,20.46948949045872,8.196528808316087,16.24197502622063
Oklahoma,16.617300540726255,10.901759112692979,19.35755643427343,11.212511895752726,20.469489490458717,13.904475012401257,28.267016850071503,20.469489490458717,20.469489490458717,13.544105483605998,12.913978471088551,17.76388969017486,9.151041933162896,20.469489490458717,22.9189322776591,28.550626460124093,13.50355718431025,14.455148141671335,20.469489490458717,14.216397057532554,15.287854356828074,20.055562222381056,20.469489490458717,11.686469579204621,16.44288756084779,20.469489490458717,18.26171215473201,22.899378528221632,20.469489490458717,21.52204241514621,23.931541487205724,13.225835732312975,20.469489490458717,20.469489490458717,14.714295099097475,9.944689139647442,0.0,10.702393907903627,28.65177678016949,15.991582368774687,17.859163583866184,11.315284245908698,11.821925491171013,20.469489490458717,10.004234521090844,28.587739595592314,12.939961204288245,22.66531178227321,20.469489490458717,11.041977677054984,15.928997248407276
Oregon,17.32485606254079,10.85156031591588,20.33196738255506,13.594951377477624,20.46948949045872,12.077283575990691,27.77705250659769,20.46948949045872,20.46948949045872,15.804702990702026,13.752876944296256,14.588645258354703,11.845821942492284,20.46948949045872,23.844491475561064,28.020610232650274,13.803540360042728,14.211120739272861,20.46948949045872,14.801148145024172,15.088012751136457,17.429144486312854,20.46948949045872,13.440148846400515,15.260625378691977,20.46948949045872,14.071284765053102,23.43728275020476,20.46948949045872,21.125049274927807,25.087123115293306,14.649271845626844,20.46948949045872,20.46948949045872,14.461224631925912,12.339402283787692,10.702393907903627,0.0,27.90330402273569,14.887336594897597,18.471383474012356,12.858100222599628,14.00266002937766,20.46948949045872,12.333842186270607,27.947445269730906,14.372594556633091,23.451849034344,20.46948949045872,12.320035570953547,15.895173886988013
Pennsylvania,28.44087028163608,28.405172642463643,28.885569487355333,27.701556048255576,20.46948949045872,28.320868948098084,28.01722892611598,20.46948949045872,20.46948949045872,27.74618851816765,27.548399031440233,28.328806768257223,28.267736136705917,20.46948949045872,28.948229652260252,2.450190903422914,28.425497458309998,27.202680194069103,20.46948949045872,27.030495342126194,28.06033334056642,26.73275347398004,20.46948949045872,28.660197305480505,26.23870509022303,20.46948949045872,28.8077105154948,28.948229652260263,20.46948949045872,27.544300625705954,28.94822965226027,27.683496014284287,20.46948949045872,20.46948949045872,28.747952720918494,28.57497422293409,28.65177678016949,27.90330402273569,0.0,23.620503201300032,27.674858541535148,28.547229896025623,28.06484287106642,20.46948949045872,27.94436050687031,6.514534100845696,27.800818530705005,28.948229652260277,20.46948949045872,27.865641835236552,28.19316911715418
Rhode Island,20.512919455442155,15.528060739182465,23.01605311983038,15.011177201693712,20.469489490458727,13.828612949542268,24.785304535507045,20.469489490458727,20.469489490458727,20.012429307509663,17.029010077090103,19.2069298248175,15.656110037332551,20.469489490458727,18.613995492412936,24.017591441612367,17.54155200424842,14.510546819352816,20.469489490458727,12.242511748432236,15.27627252797905,14.541924946404075,20.469489490458727,16.46697274187975,17.44287146493042,20.469489490458727,20.97163792078946,25.05763123451618,20.469489490458727,21.58993618411246,23.715044732070012,14.593328803241649,20.469489490458727,20.469489490458727,16.928996975907843,15.792148805938812,15.991582368774687,14.887336594897597,23.620503201300032,0.0,20.651174589133802,16.857207864036596,17.20446887715322,20.469489490458727,15.80447846845586,22.058871983542705,16.35066136951196,22.55985641794745,20.469489490458727,14.49197569217006,17.548087843789798
South Carolina,18.129576396800555,19.408844591019843,19.087864708804762,16.48018952272184,20.469489490458695,20.38329127715968,26.7926329141082,20.469489490458695,20.469489490458695,16.169583079458377,15.514830513998236,22.58168070914972,17.377783186948204,20.469489490458695,22.694612574317997,27.911409196367643,19.58511964038652,17.893260399800557,20.469489490458695,18.70131509833629,18.21936148706653,22.523845458059114,20.469489490458695,20.4770053437907,20.88406673650992,20.469489490458695,23.764904828654505,23.409920425507,20.469489490458695,18.354704661153924,25.506756771968412,17.700508314371675,20.469489490458695,20.469489490458695,22.66565191496364,18.63905302497374,17.859163583866184,18.471383474012356,27.674858541535148,20.651174589133802,0.0,20.997743838794733,15.926575839774413,20.469489490458695,18.482440357829354,27.2725110782038,17.67272463714899,23.796919352526338,20.469489490458695,19.913844817822945,20.705693766250302
South Dakota,18.945507199728674,11.634207386942805,20.731773097715845,13.834831185726426,20.46948949045872,13.834404167521317,28.603025519989412,20.46948949045872,20.46948949045872,19.192917734166727,17.676177822944087,17.8467850518928,8.80886979061196,20.46948949045872,20.939814817999224,28.543528323438906,16.21540213357615,15.560608698716564,20.46948949045872,13.898703153133932,12.944483765635976,20.13320895964597,20.46948949045872,6.893749381851304,19.276924392635696,20.46948949045872,15.733051079238603,21.073580501066292,20.46948949045872,21.14359141487759,25.137104409864886,11.69074877459047,20.46948949045872,20.46948949045872,12.930577165744493,8.275361893003103,11.315284245908698,12.858100222599628,28.547229896025623,16.857207864036596,20.997743838794733,0.0,14.10370342014083,20.46948949045872,8.091590779928929,28.578804421274114,13.845562083701827,22.089359702021817,20.46948949045872,8.431155776561498,15.417762621117683
Tennessee,16.64762800708873,13.81494053445873,18.221158744306713,10.77375063247695,20.469489490458727,16.136905632327682,26.822875869347673,20.469489490458727,20.469489490458727,9.730461614178665,10.041517611500398,19.64807763323063,10.679225271372685,20.469489490458727,21.450701259748808,27.927370136290957,16.225178055105598,15.137713039124417,20.469489490458727,16.132655012181374,13.020100597582193,20.34671089002564,20.469489490458727,13.71632462894475,18.053785014700342,20.469489490458727,19.754503478201528,22.982188794690156,20.469489490458727,17.96817923330576,24.318893787690193,14.163073750386614,20.469489490458727,20.469489490458727,18.265014845915942,12.389683626135671,11.821925491171013,14.00266002937766,28.06484287106642,17.20446887715322,15.926575839774413,14.10370342014083,0.0,20.469489490458727,11.87153316967522,27.63493789664918,11.06783209279076,22.023180517050445,20.469489490458727,13.180006631749416,17.910188391250376
